n= 200
normal: 0.08299700
block of 25: 0.12506700

n= 500
normal: 1.41556400
block of 100: 1.77032400

n= 590
normal: 2.70618800
block of 200: 2.97561700
